========================================
Antarctic_Heat 调参结果汇总
生成时间: 2026-04-23 15:14:15
========================================

格式: window_size | contrastive_weight | learning_rate | MSE | MAE | best_epoch
--------------------------------------------------------------------------------
12 | 0.00001 | 0.0001 | 0.1538580358028412 | 0.2700974941253662 | N/A
12 | 0.00001 | 0.0002 | 0.15672272443771362 | 0.27367401123046875 | N/A
12 | 0.00001 | 0.0005 | 0.1561552733182907 | 0.2734152376651764 | N/A
12 | 0.00001 | 0.0012 | 0.15867342054843903 | 0.27430567145347595 | N/A
12 | 0.00001 | 0.001 | 0.16095338761806488 | 0.27656859159469604 | N/A
12 | 0.00001 | 0.002 | 0.16710792481899261 | 0.2760132849216461 | N/A
12 | 0.00005 | 0.0001 | 0.15384721755981445 | 0.2700903117656708 | N/A
12 | 0.00005 | 0.0002 | 0.15669579803943634 | 0.27363133430480957 | N/A
12 | 0.00005 | 0.0005 | 0.15617528557777405 | 0.27346715331077576 | N/A
12 | 0.00005 | 0.0012 | 0.1619875133037567 | 0.2772485613822937 | N/A
12 | 0.00005 | 0.001 | 0.1613251119852066 | 0.27648770809173584 | N/A
12 | 0.00005 | 0.002 | 0.16797125339508057 | 0.27690792083740234 | N/A
12 | 0.0001 | 0.0001 | 0.15383289754390717 | 0.27006831765174866 | N/A
12 | 0.0001 | 0.0002 | 0.15659062564373016 | 0.27354225516319275 | N/A
12 | 0.0001 | 0.0005 | 0.15618915855884552 | 0.27348488569259644 | N/A
12 | 0.0001 | 0.0012 | 0.16010841727256775 | 0.27581703662872314 | N/A
12 | 0.0001 | 0.001 | 0.15692396461963654 | 0.27293530106544495 | N/A
12 | 0.0001 | 0.002 | 0.16632850468158722 | 0.2748560607433319 | N/A
12 | 0.0005 | 0.0001 | 0.1538815200328827 | 0.270101398229599 | N/A
12 | 0.0005 | 0.0002 | 0.15654464066028595 | 0.27324315905570984 | N/A
12 | 0.0005 | 0.0005 | 0.15622873604297638 | 0.2735586166381836 | N/A
12 | 0.0005 | 0.0012 | 0.15818063914775848 | 0.2741320729255676 | N/A
12 | 0.0005 | 0.001 | 0.15921731293201447 | 0.27374398708343506 | N/A
12 | 0.0005 | 0.002 | 0.16918188333511353 | 0.2777792811393738 | N/A
12 | 0.001 | 0.0001 | 0.15378521382808685 | 0.2700970768928528 | N/A
12 | 0.001 | 0.0002 | 0.15650464594364166 | 0.2730135917663574 | N/A
12 | 0.001 | 0.0005 | 0.15575747191905975 | 0.27307137846946716 | N/A
12 | 0.001 | 0.0012 | 0.15907296538352966 | 0.2746301591396332 | N/A
12 | 0.001 | 0.001 | 0.15771634876728058 | 0.2740231156349182 | N/A
12 | 0.001 | 0.002 | 0.16587872803211212 | 0.27453848719596863 | N/A
12 | 0.005 | 0.0001 | 0.15452435612678528 | 0.27122148871421814 | N/A
12 | 0.005 | 0.0002 | 0.15713809430599213 | 0.2736812233924866 | N/A
12 | 0.005 | 0.0005 | 0.15519945323467255 | 0.27173224091529846 | N/A
12 | 0.005 | 0.0012 | 0.15482331812381744 | 0.271573543548584 | N/A
12 | 0.005 | 0.001 | 0.15825404226779938 | 0.27346140146255493 | N/A
12 | 0.005 | 0.002 | 0.17000515758991241 | 0.2786038815975189 | N/A
12 | 0.01 | 0.0001 | 0.15497757494449615 | 0.2716398537158966 | N/A
12 | 0.01 | 0.0002 | 0.1573917418718338 | 0.2739614248275757 | N/A
12 | 0.01 | 0.0005 | 0.1558898240327835 | 0.2721678614616394 | N/A
12 | 0.01 | 0.0012 | 0.15709008276462555 | 0.27345216274261475 | N/A
12 | 0.01 | 0.001 | 0.1571570634841919 | 0.27316814661026 | N/A
12 | 0.01 | 0.002 | 0.17125354707241058 | 0.2794431447982788 | N/A
15 | 0.00001 | 0.0001 | 0.1524500697851181 | 0.270781934261322 | N/A
15 | 0.00001 | 0.0002 | 0.15315398573875427 | 0.2699998617172241 | N/A
15 | 0.00001 | 0.0005 | 0.15604645013809204 | 0.2715698480606079 | N/A
15 | 0.00001 | 0.0012 | 0.16043774783611298 | 0.2742895185947418 | N/A
15 | 0.00001 | 0.001 | 0.16126024723052979 | 0.27565234899520874 | N/A
15 | 0.00001 | 0.002 | 0.1604040116071701 | 0.2708319127559662 | N/A
15 | 0.00005 | 0.0001 | 0.15244486927986145 | 0.2708241939544678 | N/A
15 | 0.00005 | 0.0002 | 0.15323403477668762 | 0.2701004147529602 | N/A
15 | 0.00005 | 0.0005 | 0.15607775747776031 | 0.2716301679611206 | N/A
15 | 0.00005 | 0.0012 | 0.16106164455413818 | 0.2753133773803711 | N/A
15 | 0.00005 | 0.001 | 0.1610621213912964 | 0.2760404348373413 | N/A
15 | 0.00005 | 0.002 | 0.1618029922246933 | 0.27166613936424255 | N/A
15 | 0.0001 | 0.0001 | 0.15241606533527374 | 0.2708643674850464 | N/A
15 | 0.0001 | 0.0002 | 0.15317972004413605 | 0.2701212167739868 | N/A
15 | 0.0001 | 0.0005 | 0.15579713881015778 | 0.2713926434516907 | N/A
15 | 0.0001 | 0.0012 | 0.16088370978832245 | 0.2758079767227173 | N/A
15 | 0.0001 | 0.001 | 0.15943217277526855 | 0.27351945638656616 | N/A
15 | 0.0001 | 0.002 | 0.16138891875743866 | 0.2712785601615906 | N/A
15 | 0.0005 | 0.0001 | 0.1526748538017273 | 0.27137547731399536 | N/A
15 | 0.0005 | 0.0002 | 0.1538289189338684 | 0.2713870704174042 | N/A
15 | 0.0005 | 0.0005 | 0.15581975877285004 | 0.27137523889541626 | N/A
15 | 0.0005 | 0.0012 | 0.1631995439529419 | 0.276671439409256 | N/A
15 | 0.0005 | 0.001 | 0.15606191754341125 | 0.2718740999698639 | N/A
15 | 0.0005 | 0.002 | 0.16087813675403595 | 0.27151694893836975 | N/A
15 | 0.001 | 0.0001 | 0.1532101035118103 | 0.27080509066581726 | N/A
15 | 0.001 | 0.0002 | 0.15375390648841858 | 0.27154257893562317 | N/A
15 | 0.001 | 0.0005 | 0.15637850761413574 | 0.271670401096344 | N/A
15 | 0.001 | 0.0012 | 0.15861716866493225 | 0.2741798162460327 | N/A
15 | 0.001 | 0.001 | 0.16093873977661133 | 0.2765781283378601 | N/A
15 | 0.001 | 0.002 | 0.16485576331615448 | 0.274831086397171 | N/A
15 | 0.005 | 0.0001 | N/A | N/A | N/A
1 | 0.00001 | 0.0001 | 0.14931266009807587 | 0.26557332277297974 | N/A
1 | 0.00001 | 0.0002 | 0.1493414342403412 | 0.2665218412876129 | N/A
1 | 0.00001 | 0.0005 | 0.15180714428424835 | 0.268280953168869 | N/A
1 | 0.00001 | 0.0012 | 0.1523257941007614 | 0.2699262797832489 | N/A
1 | 0.00001 | 0.001 | 0.15220507979393005 | 0.270589679479599 | N/A
1 | 0.00001 | 0.002 | 0.15074142813682556 | 0.2653807997703552 | N/A
1 | 0.00005 | 0.0001 | 0.14931246638298035 | 0.26555177569389343 | N/A
1 | 0.00005 | 0.0002 | 0.14942514896392822 | 0.2666027843952179 | N/A
1 | 0.00005 | 0.0005 | 0.151925727725029 | 0.2685299217700958 | N/A
1 | 0.00005 | 0.0012 | 0.15115326642990112 | 0.2664937674999237 | N/A
1 | 0.00005 | 0.001 | 0.15151502192020416 | 0.26823344826698303 | N/A
1 | 0.00005 | 0.002 | 0.15168598294258118 | 0.2661858797073364 | N/A
1 | 0.0001 | 0.0001 | 0.14929699897766113 | 0.26551055908203125 | N/A
1 | 0.0001 | 0.0002 | 0.15028460323810577 | 0.2666471302509308 | N/A
1 | 0.0001 | 0.0005 | 0.15342094004154205 | 0.27013418078422546 | N/A
1 | 0.0001 | 0.0012 | 0.15002740919589996 | 0.2670971751213074 | N/A
1 | 0.0001 | 0.001 | 0.15298821032047272 | 0.27099770307540894 | N/A
1 | 0.0001 | 0.002 | 0.15044425427913666 | 0.2656310200691223 | N/A
1 | 0.0005 | 0.0001 | 0.148821160197258 | 0.2649502754211426 | N/A
1 | 0.0005 | 0.0002 | 0.15039317309856415 | 0.2667405903339386 | N/A
1 | 0.0005 | 0.0005 | 0.15113277733325958 | 0.26802265644073486 | N/A
1 | 0.0005 | 0.0012 | 0.15219055116176605 | 0.26711931824684143 | N/A
1 | 0.0005 | 0.001 | 0.15009501576423645 | 0.26721417903900146 | N/A
1 | 0.0005 | 0.002 | 0.14981915056705475 | 0.2646031975746155 | N/A
1 | 0.001 | 0.0001 | 0.1484210342168808 | 0.26440638303756714 | N/A
1 | 0.001 | 0.0002 | 0.1506732553243637 | 0.2667761445045471 | N/A
1 | 0.001 | 0.0005 | 0.15119102597236633 | 0.2678971588611603 | N/A
1 | 0.001 | 0.0012 | 0.15123134851455688 | 0.2692813575267792 | N/A
1 | 0.001 | 0.001 | 0.15275683999061584 | 0.2695688009262085 | N/A
1 | 0.001 | 0.002 | 0.14850151538848877 | 0.2635287344455719 | N/A
1 | 0.005 | 0.0001 | 0.14910252392292023 | 0.26585468649864197 | N/A
1 | 0.005 | 0.0002 | 0.14986278116703033 | 0.266422301530838 | N/A
1 | 0.005 | 0.0005 | 0.15245449542999268 | 0.2690756916999817 | N/A
1 | 0.005 | 0.0012 | 0.1521541178226471 | 0.26829710602760315 | N/A
1 | 0.005 | 0.001 | 0.1500083953142166 | 0.26763495802879333 | N/A
1 | 0.005 | 0.002 | 0.14759096503257751 | 0.2634223699569702 | N/A
1 | 0.01 | 0.0001 | 0.14881420135498047 | 0.2658083736896515 | N/A
1 | 0.01 | 0.0002 | 0.1498556286096573 | 0.2667553722858429 | N/A
1 | 0.01 | 0.0005 | 0.15119487047195435 | 0.2678747773170471 | N/A
1 | 0.01 | 0.0012 | 0.15307065844535828 | 0.2687162756919861 | N/A
1 | 0.01 | 0.001 | 0.15284311771392822 | 0.2678338289260864 | N/A
1 | 0.01 | 0.002 | 0.15020935237407684 | 0.2657708525657654 | N/A
2 | 0.00001 | 0.0001 | 0.14860986173152924 | 0.2650492191314697 | N/A
2 | 0.00001 | 0.0002 | 0.14902736246585846 | 0.2649754583835602 | N/A
2 | 0.00001 | 0.0005 | 0.1521451473236084 | 0.26871564984321594 | N/A
2 | 0.00001 | 0.0012 | 0.14961229264736176 | 0.2644779086112976 | N/A
2 | 0.00001 | 0.001 | 0.1515100747346878 | 0.2670588195323944 | N/A
2 | 0.00001 | 0.002 | 0.15749025344848633 | 0.2693171799182892 | N/A
2 | 0.00005 | 0.0001 | 0.14858323335647583 | 0.2650381624698639 | N/A
2 | 0.00005 | 0.0002 | 0.1495269387960434 | 0.2654160261154175 | N/A
2 | 0.00005 | 0.0005 | 0.1519664227962494 | 0.26839444041252136 | N/A
2 | 0.00005 | 0.0012 | 0.14947611093521118 | 0.26500043272972107 | N/A
2 | 0.00005 | 0.001 | 0.15389040112495422 | 0.26922205090522766 | N/A
2 | 0.00005 | 0.002 | 0.16211558878421783 | 0.28006240725517273 | N/A
2 | 0.0001 | 0.0001 | 0.14855243265628815 | 0.2650291323661804 | N/A
2 | 0.0001 | 0.0002 | 0.14976993203163147 | 0.26567181944847107 | N/A
2 | 0.0001 | 0.0005 | 0.15051066875457764 | 0.2664463222026825 | N/A
2 | 0.0001 | 0.0012 | 0.15234674513339996 | 0.2672794461250305 | N/A
2 | 0.0001 | 0.001 | 0.15160517394542694 | 0.26695671677589417 | N/A
2 | 0.0001 | 0.002 | 0.15188466012477875 | 0.26314103603363037 | N/A
2 | 0.0005 | 0.0001 | 0.14853525161743164 | 0.26512810587882996 | N/A
2 | 0.0005 | 0.0002 | 0.14995217323303223 | 0.2656921148300171 | N/A
2 | 0.0005 | 0.0005 | 0.1510830968618393 | 0.26610663533210754 | N/A
2 | 0.0005 | 0.0012 | 0.14975856244564056 | 0.2639816403388977 | N/A
2 | 0.0005 | 0.001 | 0.15293656289577484 | 0.2683982253074646 | N/A
2 | 0.0005 | 0.002 | 0.1556713730096817 | 0.2674727439880371 | N/A
2 | 0.001 | 0.0001 | 0.14867153763771057 | 0.2653728723526001 | N/A
2 | 0.001 | 0.0002 | 0.15036900341510773 | 0.26606449484825134 | N/A
2 | 0.001 | 0.0005 | 0.15028244256973267 | 0.26489436626434326 | N/A
2 | 0.001 | 0.0012 | 0.1517028957605362 | 0.26589667797088623 | N/A
2 | 0.001 | 0.001 | 0.15255409479141235 | 0.26589876413345337 | N/A
2 | 0.001 | 0.002 | 0.15583541989326477 | 0.267208993434906 | N/A
2 | 0.005 | 0.0001 | 0.1492139846086502 | 0.2657266855239868 | N/A
2 | 0.005 | 0.0002 | 0.15162977576255798 | 0.26726800203323364 | N/A
2 | 0.005 | 0.0005 | 0.15321685373783112 | 0.2676273286342621 | N/A
2 | 0.005 | 0.0012 | 0.15132062137126923 | 0.2665300965309143 | N/A
2 | 0.005 | 0.001 | 0.1510358601808548 | 0.26619839668273926 | N/A
2 | 0.005 | 0.002 | 0.1608639508485794 | 0.2719648778438568 | N/A
2 | 0.01 | 0.0001 | 0.15006668865680695 | 0.26693204045295715 | N/A
2 | 0.01 | 0.0002 | 0.1513645052909851 | 0.2675120234489441 | N/A
2 | 0.01 | 0.0005 | 0.15285596251487732 | 0.2682834267616272 | N/A
2 | 0.01 | 0.0012 | 0.1524040251970291 | 0.26817959547042847 | N/A
2 | 0.01 | 0.001 | 0.15893974900245667 | 0.27240169048309326 | N/A
2 | 0.01 | 0.002 | 0.15113046765327454 | 0.26447793841362 | N/A
3 | 0.00001 | 0.0001 | 0.14828753471374512 | 0.2645699083805084 | N/A
3 | 0.00001 | 0.0002 | 0.14929433166980743 | 0.26453733444213867 | N/A
3 | 0.00001 | 0.0005 | 0.15270814299583435 | 0.267270028591156 | N/A
3 | 0.00001 | 0.0012 | 0.15014606714248657 | 0.26386749744415283 | N/A
3 | 0.00001 | 0.001 | 0.14919258654117584 | 0.26379919052124023 | N/A
3 | 0.00001 | 0.002 | 0.15719452500343323 | 0.26767927408218384 | N/A
3 | 0.00005 | 0.0001 | 0.14830903708934784 | 0.26458731293678284 | N/A
3 | 0.00005 | 0.0002 | 0.14927640557289124 | 0.26450029015541077 | N/A
3 | 0.00005 | 0.0005 | 0.153625950217247 | 0.26792386174201965 | N/A
3 | 0.00005 | 0.0012 | 0.14641748368740082 | 0.26180917024612427 | N/A
3 | 0.00005 | 0.001 | 0.15066732466220856 | 0.2647320628166199 | N/A
3 | 0.00005 | 0.002 | 0.15123414993286133 | 0.2639051377773285 | N/A
3 | 0.0001 | 0.0001 | 0.1483328938484192 | 0.26460710167884827 | N/A
3 | 0.0001 | 0.0002 | 0.14924359321594238 | 0.26444533467292786 | N/A
3 | 0.0001 | 0.0005 | 0.1526739001274109 | 0.2672051191329956 | N/A
3 | 0.0001 | 0.0012 | 0.1504596471786499 | 0.26433438062667847 | N/A
3 | 0.0001 | 0.001 | 0.15170283615589142 | 0.26636555790901184 | N/A
3 | 0.0001 | 0.002 | 0.15497241914272308 | 0.2667752206325531 | N/A
3 | 0.0005 | 0.0001 | 0.1485057771205902 | 0.26475247740745544 | N/A
3 | 0.0005 | 0.0002 | 0.1487276405096054 | 0.26408088207244873 | N/A
3 | 0.0005 | 0.0005 | 0.15125778317451477 | 0.2658092975616455 | N/A
3 | 0.0005 | 0.0012 | 0.15024976432323456 | 0.264988511800766 | N/A
3 | 0.0005 | 0.001 | 0.15439832210540771 | 0.26907119154930115 | N/A
3 | 0.0005 | 0.002 | 0.15406575798988342 | 0.2668438255786896 | N/A
3 | 0.001 | 0.0001 | 0.1488523632287979 | 0.26499268412590027 | N/A
3 | 0.001 | 0.0002 | 0.14938504993915558 | 0.26477840542793274 | N/A
3 | 0.001 | 0.0005 | 0.15213996171951294 | 0.2669491469860077 | N/A
3 | 0.001 | 0.0012 | 0.1518878936767578 | 0.26662135124206543 | N/A
3 | 0.001 | 0.001 | 0.1531030386686325 | 0.2689377963542938 | N/A
3 | 0.001 | 0.002 | 0.15053731203079224 | 0.26325011253356934 | N/A
3 | 0.005 | 0.0001 | 0.15054351091384888 | 0.26611465215682983 | N/A
3 | 0.005 | 0.0002 | 0.1521754264831543 | 0.26776325702667236 | N/A
3 | 0.005 | 0.0005 | 0.15344169735908508 | 0.2677580416202545 | N/A
3 | 0.005 | 0.0012 | 0.15164266526699066 | 0.26654285192489624 | N/A
3 | 0.005 | 0.001 | 0.15368688106536865 | 0.26803237199783325 | N/A
3 | 0.005 | 0.002 | 0.15183760225772858 | 0.2643818259239197 | N/A
3 | 0.01 | 0.0001 | 0.151715949177742 | 0.2673996090888977 | N/A
3 | 0.01 | 0.0002 | 0.15355892479419708 | 0.26959893107414246 | N/A
3 | 0.01 | 0.0005 | 0.15479622781276703 | 0.2700998783111572 | N/A
3 | 0.01 | 0.0012 | 0.1522640734910965 | 0.26699188351631165 | N/A
3 | 0.01 | 0.001 | 0.1538962721824646 | 0.26835501194000244 | N/A
3 | 0.01 | 0.002 | 0.1506393700838089 | 0.2648918628692627 | N/A
6 | 0.00001 | 0.0001 | 0.1513633280992508 | 0.26701390743255615 | N/A
6 | 0.00001 | 0.0002 | 0.1528659164905548 | 0.2684125006198883 | N/A
6 | 0.00001 | 0.0005 | 0.15388858318328857 | 0.2708066403865814 | N/A
6 | 0.00001 | 0.0012 | 0.1541053056716919 | 0.26796746253967285 | N/A
6 | 0.00001 | 0.001 | 0.14997974038124084 | 0.2647814452648163 | N/A
6 | 0.00001 | 0.002 | 0.16423889994621277 | 0.27405112981796265 | N/A
6 | 0.00005 | 0.0001 | 0.1514180451631546 | 0.2670062184333801 | N/A
6 | 0.00005 | 0.0002 | 0.15284104645252228 | 0.26836058497428894 | N/A
6 | 0.00005 | 0.0005 | 0.15438759326934814 | 0.2710725963115692 | N/A
6 | 0.00005 | 0.0012 | 0.15005768835544586 | 0.26417121291160583 | N/A
6 | 0.00005 | 0.001 | 0.14940530061721802 | 0.26504626870155334 | N/A
6 | 0.00005 | 0.002 | 0.15709245204925537 | 0.2680622935295105 | N/A
6 | 0.0001 | 0.0001 | 0.15144869685173035 | 0.26696276664733887 | N/A
6 | 0.0001 | 0.0002 | 0.1527329385280609 | 0.2682286500930786 | N/A
6 | 0.0001 | 0.0005 | 0.15399669110774994 | 0.27082762122154236 | N/A
6 | 0.0001 | 0.0012 | 0.15189450979232788 | 0.26616978645324707 | N/A
6 | 0.0001 | 0.001 | 0.14958199858665466 | 0.2653842270374298 | N/A
6 | 0.0001 | 0.002 | 0.15610605478286743 | 0.26690199971199036 | N/A
6 | 0.0005 | 0.0001 | 0.151383176445961 | 0.26668086647987366 | N/A
6 | 0.0005 | 0.0002 | 0.1519092470407486 | 0.2677529752254486 | N/A
6 | 0.0005 | 0.0005 | 0.15401297807693481 | 0.2701498568058014 | N/A
6 | 0.0005 | 0.0012 | 0.15395456552505493 | 0.26870614290237427 | N/A
6 | 0.0005 | 0.001 | 0.15262630581855774 | 0.2672175168991089 | N/A
6 | 0.0005 | 0.002 | 0.15971247851848602 | 0.2699865400791168 | N/A
6 | 0.001 | 0.0001 | 0.15115660429000854 | 0.2666352093219757 | N/A
6 | 0.001 | 0.0002 | 0.1536322385072708 | 0.2691272497177124 | N/A
6 | 0.001 | 0.0005 | 0.15477941930294037 | 0.27036845684051514 | N/A
6 | 0.001 | 0.0012 | 0.1481970250606537 | 0.26288941502571106 | N/A
6 | 0.001 | 0.001 | 0.14935614168643951 | 0.2644987404346466 | N/A
6 | 0.001 | 0.002 | 0.15396402776241302 | 0.2653970420360565 | N/A
6 | 0.005 | 0.0001 | 0.15115343034267426 | 0.26636654138565063 | N/A
6 | 0.005 | 0.0002 | 0.1522429883480072 | 0.2675670087337494 | N/A
6 | 0.005 | 0.0005 | 0.15616895258426666 | 0.2713997960090637 | N/A
6 | 0.005 | 0.0012 | 0.1505286991596222 | 0.26528728008270264 | N/A
6 | 0.005 | 0.001 | 0.15179789066314697 | 0.26614320278167725 | N/A
6 | 0.005 | 0.002 | 0.15317325294017792 | 0.2662247121334076 | N/A
6 | 0.01 | 0.0001 | 0.15267826616764069 | 0.2676126956939697 | N/A
6 | 0.01 | 0.0002 | 0.15400980412960052 | 0.2697945237159729 | N/A
6 | 0.01 | 0.0005 | 0.15865850448608398 | 0.274248868227005 | N/A
6 | 0.01 | 0.0012 | 0.15786781907081604 | 0.2719550132751465 | N/A
6 | 0.01 | 0.001 | 0.15849506855010986 | 0.27278730273246765 | N/A
6 | 0.01 | 0.002 | 0.15615056455135345 | 0.2684513032436371 | N/A
9 | 0.00001 | 0.0001 | 0.1542447805404663 | 0.2699122428894043 | N/A
9 | 0.00001 | 0.0002 | 0.15770672261714935 | 0.27261775732040405 | N/A
9 | 0.00001 | 0.0005 | 0.16372476518154144 | 0.27882516384124756 | N/A
9 | 0.00001 | 0.0012 | 0.15836746990680695 | 0.273701012134552 | N/A
9 | 0.00001 | 0.001 | 0.15605078637599945 | 0.2713330090045929 | N/A
9 | 0.00001 | 0.002 | 0.1521814912557602 | 0.26383596658706665 | N/A
9 | 0.00005 | 0.0001 | 0.15422625839710236 | 0.26985299587249756 | N/A
9 | 0.00005 | 0.0002 | 0.15781737864017487 | 0.27270078659057617 | N/A
9 | 0.00005 | 0.0005 | 0.16413356363773346 | 0.27893662452697754 | N/A
9 | 0.00005 | 0.0012 | 0.15435366332530975 | 0.2697077691555023 | N/A
9 | 0.00005 | 0.001 | 0.16050632297992706 | 0.2762642204761505 | N/A
9 | 0.00005 | 0.002 | 0.16463415324687958 | 0.2739725410938263 | N/A
9 | 0.0001 | 0.0001 | 0.15421614050865173 | 0.26979711651802063 | N/A
9 | 0.0001 | 0.0002 | 0.15781067311763763 | 0.272643119096756 | N/A
9 | 0.0001 | 0.0005 | 0.16283904016017914 | 0.277413010597229 | N/A
9 | 0.0001 | 0.0012 | 0.15791510045528412 | 0.2729935944080353 | N/A
9 | 0.0001 | 0.001 | 0.16453814506530762 | 0.27922993898391724 | N/A
9 | 0.0001 | 0.002 | 0.15959283709526062 | 0.26923587918281555 | N/A
9 | 0.0005 | 0.0001 | 0.15396907925605774 | 0.269177109003067 | N/A
9 | 0.0005 | 0.0002 | 0.15709081292152405 | 0.2715938091278076 | N/A
9 | 0.0005 | 0.0005 | 0.16056707501411438 | 0.274762362241745 | N/A
9 | 0.0005 | 0.0012 | 0.1528991013765335 | 0.2697269916534424 | N/A
9 | 0.0005 | 0.001 | 0.15945784747600555 | 0.2740670144557953 | N/A
9 | 0.0005 | 0.002 | 0.16698697209358215 | 0.27558833360671997 | N/A
9 | 0.001 | 0.0001 | 0.15292084217071533 | 0.2676661014556885 | N/A
9 | 0.001 | 0.0002 | 0.15798525512218475 | 0.271759033203125 | N/A
9 | 0.001 | 0.0005 | 0.15983082354068756 | 0.2751117944717407 | N/A
9 | 0.001 | 0.0012 | 0.15420649945735931 | 0.2691153883934021 | N/A
9 | 0.001 | 0.001 | 0.15986864268779755 | 0.2730023264884949 | N/A
9 | 0.001 | 0.002 | 0.16457954049110413 | 0.27515077590942383 | N/A
9 | 0.005 | 0.0001 | 0.1527967005968094 | 0.2680710256099701 | N/A
9 | 0.005 | 0.0002 | 0.15908168256282806 | 0.2732206881046295 | N/A
9 | 0.005 | 0.0005 | 0.15663473308086395 | 0.27222687005996704 | N/A
9 | 0.005 | 0.0012 | 0.15641050040721893 | 0.27088242769241333 | N/A
9 | 0.005 | 0.001 | 0.15848664939403534 | 0.27223503589630127 | N/A
9 | 0.005 | 0.002 | 0.16434283554553986 | 0.2742840051651001 | N/A
9 | 0.01 | 0.0001 | 0.15465185046195984 | 0.2701417803764343 | N/A
9 | 0.01 | 0.0002 | 0.15948176383972168 | 0.2744748890399933 | N/A
9 | 0.01 | 0.0005 | 0.15820319950580597 | 0.27456486225128174 | N/A
9 | 0.01 | 0.0012 | 0.15708288550376892 | 0.27261263132095337 | N/A
9 | 0.01 | 0.001 | 0.1557229906320572 | 0.2709507942199707 | N/A
9 | 0.01 | 0.002 | 0.16654597222805023 | 0.2758224308490753 | N/A

========================================
按 MSE 从低到高排序 (前10名)
========================================
15 | 0.005 | 0.0001 | N/A | N/A | N/A
3 | 0.00005 | 0.0012 | 0.14641748368740082 | 0.26180917024612427 | N/A
1 | 0.005 | 0.002 | 0.14759096503257751 | 0.2634223699569702 | N/A
6 | 0.001 | 0.0012 | 0.1481970250606537 | 0.26288941502571106 | N/A
3 | 0.00001 | 0.0001 | 0.14828753471374512 | 0.2645699083805084 | N/A
3 | 0.00005 | 0.0001 | 0.14830903708934784 | 0.26458731293678284 | N/A
3 | 0.0001 | 0.0001 | 0.1483328938484192 | 0.26460710167884827 | N/A
1 | 0.001 | 0.0001 | 0.1484210342168808 | 0.26440638303756714 | N/A
1 | 0.001 | 0.002 | 0.14850151538848877 | 0.2635287344455719 | N/A
3 | 0.0005 | 0.0001 | 0.1485057771205902 | 0.26475247740745544 | N/A

